0.881964
0.580901
0.107104
0.128235
0.794976
0.308302
0.777212
0.918666
0.248900
0.205510
0.567599
0.545166
0.728147
0.040724
0.513562
0.680096
0.382999
0.796924
0.413822
0.534858
0.305404
0.113400
0.093294
0.091906
0.078710
0.784059
0.351286
0.057691
0.526323
0.974554
0.528708
0.625095
0.251176
0.078046
0.214624
0.620358
0.060932
0.166371
0.426836
0.639322
0.828816
0.908982
0.038865
0.543787
0.105674
0.123788
0.027354
0.166730
0.284879
0.838030
0.000344
0.152873
0.584297
0.977619
0.095269
0.544132
0.542525
0.609362
0.788335
0.735081
0.065030
0.090506
0.136587
0.124187
0.835012
0.028600
0.553112
0.325237
0.234494
0.838531
0.376686
0.147702
0.279117
0.447729
0.881964
0.042771
0.548962
0.581369
0.131136
0.708111
0.518629
0.443423
0.200145
0.346129
0.210679
0.383864
0.174416
0.873816
0.354935
0.106544
0.858559
0.443738
0.750214
0.248334
0.831467
0.504047
0.697314
0.443633
0.250534
0.104158
0.823368
0.998764
0.176558
0.314662
0.025453
0.574007
0.729074
0.358057
0.345949
0.253108
0.142410
0.438619
0.753628
0.179320
0.596039
0.306643
0.514124
0.694136
0.691192
0.426323
0.261908
0.377257
0.243141
0.558315
0.466247
0.058196
0.013301
0.986696
0.341112
0.705299
0.113069
0.883723
0.560052
0.221718
0.103850
0.924060
0.896209
0.566320
0.207283
0.055379
0.067427
0.650711
0.162567
0.330704
0.285114
0.399363
0.422132
0.447729
